       706       593         1     2          -1
       707       593         1     2          -1
       708       593         1     2          -1
       708       594         1     1           1
       709       594         1     2          -1
       710       594         1     2          -1
       711       594         1     2          -1
       712       594         1     2          -1
       712       595         1     1           1
       713       595         1     2          -1
       714       595         1     2          -1
       715       595         1     2          -1
       716       595         1     2          -1
       716       596         1     1           1
       717       596         1     2          -1
       718       596         1     2          -1
       719       596         1     2          -1
       720       596         1     2          -1
       720       597         1     1           1
       721       597         1     2          -1
       722       597         1     2          -1
       723       597         1     2          -1
       724       597         1     2          -1
       725       597         1     2          -1
       725       598         1     1           1
       726       598         1     2          -1
       727       598         1     2          -1
       728       598         1     2          -1
       729       598         1     2          -1
       729       599         1     1           1
       730       599         1     2          -1
       731       599         1     2          -1
       732       599         1     2          -1
       733       599         1     2          -1
       733       600         1     1           1
       734       600         1     2          -1
       735       600         1     2          -1
       736       600         1     2          -1
       737       600         1     2          -1
       738       600         1     2          -1
       738       601         1     1           1
       739       601         1     2          -1
       740       601         1     2          -1
       741       601         1     2          -1
       742       601         1     2          -1
       742       602         1     1           1
